           [38;2;49;49;33m▄▄▄▄ ▄▄             
           [48;2;49;49;33m [38;2;82;132;57m▀▄[48;2;165;189;140m [48;2;49;49;33m▄[48;2;165;189;140m▄[48;2;49;49;33m▄[49;38;2;49;49;33m▄▄▄          
          [48;2;49;49;33m [38;2;165;189;140m▀[48;2;82;132;57m ▄[48;2;255;255;255m▀[48;2;165;189;140m [38;2;82;132;57m▀▄▄[38;2;49;49;33m▄[49m▀          
        ▄▄[48;2;82;107;189m▀[48;2;82;132;57m [48;2;165;189;140m [48;2;255;255;255m [48;2;165;189;140m [48;2;82;132;57m [48;2;82;132;57m ▄[48;2;49;49;33m [38;2;33;74;115m▄▄[49;38;2;49;49;33m▄▄        
      ▄[48;2;82;107;189m▀[38;2;115;156;206m▄▄▄[48;2;49;49;33m [48;2;82;132;57m [38;2;165;189;140m▀[48;2;255;255;255m▄[48;2;165;189;140m  [48;2;82;132;57;38;2;49;49;33m▄[48;2;49;49;33m [48;2;82;107;189m [48;2;82;107;189m [48;2;82;107;189m [38;2;33;74;115m▀[38;2;49;49;33m▀[49m▄      
    ▄[48;2;33;74;115m▀[48;2;115;156;206m [38;2;165;189;231m▄[48;2;165;189;140m▀[48;2;255;255;255m▀[48;2;115;156;206;38;2;165;189;140m▄[38;2;82;107;189m▀[48;2;49;49;33m▄▄[38;2;82;132;57m▀[48;2;82;132;57m [48;2;49;49;33m [38;2;82;107;189m▄[48;2;82;107;189m  [38;2;165;189;140m▄[38;2;255;255;255m▄[48;2;33;74;115;38;2;165;189;140m▄[38;2;82;107;189m▀[48;2;82;107;189m [48;2;49;49;33;38;2;33;74;115m▄[49;38;2;49;49;33m▄    
   ▄[48;2;115;156;206m▀[48;2;165;189;231m [48;2;165;189;231m [48;2;82;107;189;38;2;33;74;115m▄[48;2;255;255;255;38;2;165;189;140m▄[38;2;33;33;8m▀[38;2;165;189;140m▄[48;2;82;107;189m [48;2;115;156;206m [38;2;82;107;189m▀▀[48;2;49;49;33m▄[48;2;82;107;189m [38;2;115;156;206m▄[48;2;82;107;189m [48;2;82;107;189m [48;2;255;255;255;38;2;165;189;140m▄[38;2;33;33;8m▀[38;2;165;189;140m▄[48;2;33;74;115;38;2;49;49;33m▄[48;2;33;74;115m [38;2;82;107;189m▀[48;2;49;49;33m▄[49;38;2;49;49;33m▄   
  [48;2;49;49;33m [48;2;33;74;115;38;2;165;189;231m▄[48;2;115;156;206m▀[38;2;82;107;189m▄[48;2;165;189;231m [48;2;165;189;231m [48;2;33;74;115;38;2;255;255;255m▄[38;2;115;156;206m▄[48;2;82;107;189m▄[38;2;165;189;231m▄[48;2;165;189;231m [38;2;115;156;206m▀▀[48;2;115;156;206m    [38;2;82;107;189m▀[48;2;82;107;189m [38;2;33;74;115m▀[48;2;33;74;115m    [48;2;82;107;189m ▀[48;2;49;49;33m [49m  
 [48;2;49;49;33m [48;2;115;156;206m▀[48;2;165;189;231m [48;2;82;107;189m▄[48;2;82;107;189m [48;2;115;156;206m [38;2;165;189;231m▀[48;2;255;255;255m▄▄[48;2;165;189;231m   [48;2;49;49;33;38;2;82;107;189m▄[48;2;82;107;189m [48;2;115;156;206m [48;2;82;107;189m [38;2;49;49;33m▀[48;2;115;156;206m [48;2;115;156;206m [48;2;82;107;189m [48;2;82;107;189m [48;2;82;107;189m [48;2;33;74;115m [48;2;33;74;115m [48;2;33;74;115m [48;2;33;74;115m [48;2;82;107;189m [38;2;33;74;115m▀[48;2;49;49;33m [49m 
[48;2;49;49;33m [48;2;33;74;115m [48;2;165;189;231;38;2;255;255;255m▄[48;2;82;107;189;38;2;33;74;115m▄[48;2;49;49;33m [48;2;33;74;115m [48;2;82;107;189m [38;2;115;156;206m▀▀[48;2;115;156;206m [38;2;165;189;231m▀▀▀▀[48;2;115;156;206m [48;2;115;156;206m [48;2;115;156;206m [38;2;82;107;189m▄▄[48;2;82;107;189m [38;2;33;74;115m▄▄[48;2;33;74;115m   [38;2;49;49;33m▄[48;2;49;49;33m [48;2;82;107;189;38;2;33;74;115m▄[38;2;115;156;206m▄[48;2;33;74;115m [48;2;49;49;33m [49m
[48;2;49;49;33m [48;2;82;107;189m [48;2;255;255;255m [48;2;49;49;33m [49;38;2;49;49;33m▀[48;2;49;49;33m [48;2;82;107;189;38;2;33;74;115m▄[38;2;49;49;33m▀▀[48;2;115;156;206m▀[48;2;165;189;231m▀[48;2;115;156;206m▄▄▄[48;2;82;107;189m▄▄▄▄▄[48;2;33;74;115m▄[48;2;82;107;189m▀▀[48;2;33;74;115m▀▀[48;2;33;74;115m [48;2;49;49;33m [49m▀[48;2;49;49;33m [48;2;115;156;206m [48;2;82;107;189m [48;2;49;49;33m [49m
[48;2;49;49;33m [48;2;115;156;206m [48;2;165;189;231m [48;2;33;74;115m▀[49m▄ ▀[48;2;33;74;115m▄▄[38;2;82;107;189m▀▀[48;2;165;189;231;38;2;115;156;206m▄▄[48;2;165;189;231m ▄[48;2;115;156;206m [38;2;82;107;189m▄[48;2;82;107;189m   [38;2;33;74;115m▄[48;2;49;49;33m▀▀▀[49;38;2;49;49;33m▀ ▄[48;2;33;74;115m▀[48;2;115;156;206m [38;2;165;189;231m▄[48;2;49;49;33m [49m
[48;2;49;49;33m [48;2;82;107;189m [48;2;115;156;206m▀[48;2;82;107;189m [48;2;49;49;33m [49;38;2;49;49;33m▄   [48;2;49;49;33m [48;2;115;156;206;38;2;255;255;255m▄[48;2;82;107;189m [48;2;33;74;115;38;2;49;49;33m▄[48;2;49;49;33m [49m▀▀▀[48;2;49;49;33m [38;2;33;74;115m▀[48;2;82;107;189m [48;2;115;156;206;38;2;165;189;231m▄[48;2;49;49;33m [49m   [38;2;49;49;33m▄[48;2;49;49;33m [48;2;82;107;189m [48;2;115;156;206;38;2;165;189;231m▄[48;2;82;107;189m▀[48;2;49;49;33m [49m
[38;2;49;49;33m▀[48;2;33;74;115m▄[48;2;115;156;206m ▄[48;2;82;107;189;38;2;33;74;115m▄[48;2;115;156;206m▀[48;2;49;49;33m [49;38;2;49;49;33m▄▄[48;2;82;107;189m▀[48;2;33;74;115m▄[48;2;165;189;231;38;2;82;107;189m▄[48;2;33;74;115m▄[38;2;49;49;33m▀[49m▄[38;2;33;33;8m▄[38;2;49;49;33m▄[48;2;33;74;115m▀[38;2;82;107;189m▄[48;2;165;189;231m▄[48;2;33;74;115;38;2;49;49;33m▄[48;2;82;107;189m▀[49m▄▄[48;2;49;49;33m [48;2;33;74;115;38;2;115;156;206m▄[38;2;82;107;189m▀[48;2;115;156;206;38;2;49;49;33m▄[38;2;165;189;231m▀[48;2;33;74;115;38;2;49;49;33m▄[49m▀
 ▀[48;2;33;74;115m▄[48;2;115;156;206;38;2;82;107;189m▄[48;2;49;49;33m [48;2;49;49;33m [49;38;2;49;49;33m▀[48;2;165;189;231m▄[48;2;82;107;189m▄[48;2;165;189;231m▀[38;2;82;107;189m▄[48;2;33;74;115m▀[38;2;49;49;33m▄[48;2;82;107;189;38;2;115;156;206m▄[48;2;49;49;33m [48;2;33;33;8m [48;2;49;49;33m [48;2;82;107;189m▄[48;2;33;74;115;38;2;49;49;33m▄[38;2;82;107;189m▀[48;2;115;156;206m▄[48;2;49;49;33;38;2;165;189;231m▄[38;2;82;107;189m▀[38;2;165;189;231m▀[49;38;2;49;49;33m▀[48;2;49;49;33m  [48;2;115;156;206;38;2;82;107;189m▄[48;2;33;74;115;38;2;49;49;33m▄[49m▀ 
   ▀[48;2;115;156;206m▄[48;2;49;49;33m [49m [48;2;49;49;33m [38;2;165;189;231m▀[38;2;33;74;115m▀[38;2;33;33;8m▄▄[48;2;49;49;33m [38;2;165;189;231m▀[38;2;33;33;8m▄[48;2;33;33;8m [38;2;49;49;33m▀[48;2;165;189;231m▄[48;2;49;49;33m [38;2;33;33;8m▄▄[38;2;33;74;115m▀[38;2;165;189;231m▀[48;2;49;49;33m [49m [48;2;49;49;33m [38;2;115;156;206m▀[49;38;2;49;49;33m▀   
